11110000110011111111001111001111111110000000000000000000000000000
11110000110011111111011111101111111110000000000000000000000000000
11111000110011100000011100100001110000000000000000000000000000000
11111000110011100000011100000001110000011111000111111100001111110
11011100110011111110001110000001110000110011100111001110011100111
11001110110011111110000111000001110000000011100110001110011000111
11001111110011000000000011100001110000111111100110001110111000111
11000111110011000000110011100001110001111111100110001110111000111
11000011110011111110111111100001100001110011100110001110011001111
11000011110011111110011111000001100000111111100110001110001111111
00000000000000000000000000000000000000000000000000000000000000111
00000000000000000000000000000000000000000000000000000000011001110
00000000000000000000000000000000000000000000000000000000011111100